0.0834	0.0834	0.0834
0.0416	0.0399	0.0399
0.2104	0.2104	0.2104
0.1791	0.1791	0.1791
0.07	0.0761	0.07
0.1681	0.1789	0.1681
0.1942	0.1784	0.1942
0.0853	0.0853	0.0853
0.0898	0.0898	0.0898
0.2232	0.2232	0.2232
0.2345	0.2345	0.2345
0.0786	0.1074	0.093
0.0186	0.0186	0.0186
0.0383	0.0383	0.0383
0.0802	0.0802	0.0802
0.164	0.164	0.164
0.0726	0.0726	0.0726
0.0533	0.0533	0.0533
0.0341	0.0341	0.0365
0.0498	0.0498	0.0498
0.1268	0.1268	0.1268
0.1002	0.1464	0.1118
0.3447	0.3447	0.3447
0.1462	0.1462	0.1462
0.0484	0.0484	0.0484
0.0931	0.0931	0.0931
0.112	0.1363	0.1363
0.0897	0.096	0.0897
0.1201	0.1201	0.1201
0.0801	0.0801	0.0801
0.0879	0.0879	0.0879
0.0498	0.0498	0.0498
0.0141	0.0141	0.0141
0.0347	0.039	0.0347
0.0514	0.0514	0.0514
0.0674	0.0674	0.0674
0.048	0.048	0.048
0.2202	0.2202	0.2202
0.0906	0.0906	0.0906
0.056	0.056	0.056
0.0541	0.0541	0.0541
0.1496	0.1589	0.1496
0.1332	0.1332	0.1332
0.1369	0.1369	0.1369
0.0504	0.0504	0.0504
0.0511	0.0631	0.0511
0.075	0.075	0.075
0.1145	0.1145	0.1145
0.0593	0.0593	0.0593
0.0173	0.0173	0.0173
0.0449	0.06	0.0449
0.1027	0.1027	0.1027
0.0392	0.0392	0.0366
0.2127	0.2127	0.2127
0.2652	0.2652	0.2652
0.066	0.0785	0.066
0.0679	0.0761	0.0761
0.0898	0.0768	0.0768
0.0273	0.0454	0.0454
0.0366	0.0366	0.0366
0.1487	0.1487	0.1487
0.0693	0.0693	0.0913
0.0957	0.1202	0.1202
0.0998	0.0998	0.0998
0.0875	0.0875	0.0875
0.0715	0.0757	0.0715
0.0758	0.1682	0.1682
0.0208	0.0208	0.0208
0.0758	0.0758	0.0758
0.0728	0.0762	0.0745
0.1775	0.1775	0.1775
0.1344	0.1344	0.1344
0.079	0.079	0.079
0.1431	0.1431	0.1431
0.1778	0.1778	0.1778
0.0359	0.0359	0.0359
0.0819	0.0819	0.0819
0.0731	0.0731	0.0731
0.0419	0.0419	0.0419
0.0502	0.0502	0.0502
0.0469	0.059	0.0469
0.0966	0.0966	0.0966
0.0541	0.0541	0.0541
0.0811	0.0811	0.0811
0.0329	0.0329	0.0329
0.0676	0.0676	0.0676
0.0362	0.0512	0.0512
0.0827	0.0827	0.0827
0.3587	0.3587	0.3587
0.0607	0.0607	0.0607
0.0575	0.0575	0.0575
0.1265	0.1594	0.1265
0.0735	0.0735	0.0735
0.096	0.096	0.096
0.1338	0.1338	0.1338
0.0361	0.0268	0.0268
0.0651	0.0651	0.0651
0.0429	0.0429	0.0429
0.036	0.0326	0.0394
0.1164	0.1045	0.1164
0.0565	0.0563	0.0523
0.0348	0.0381	0.0322
0.0834	0.0764	0.0826
0.0678	0.0733	0.066
0.0521	0.0515	0.0512
0.0382	0.0495	0.0459
0.0336	0.0376	0.0369
0.0229	0.0253	0.0253
0.0612	0.0613	0.0673
0.0482	0.0482	0.0482
0.0604	0.0664	0.0688
0.0524	0.0495	0.0529
0.0219	0.0186	0.0186
0.0368	0.0368	0.0341
0.0341	0.0341	0.0299
0.0437	0.0547	0.046
0.022	0.0211	0.0186
0.0884	0.0884	0.0884
0.0466	0.0471	0.0454
0.0554	0.0523	0.0498
0.0556	0.0531	0.0531
0.0406	0.0417	0.0417
0.0387	0.0418	0.0387
0.0542	0.0542	0.0542
0.0483	0.0496	0.0465
0.0536	0.0524	0.0534
0.067	0.0654	0.065
0.0464	0.052	0.0455
0.0431	0.0479	0.0405
0.0252	0.024	0.0235
0.0435	0.046	0.0435
0.0272	0.0272	0.0297
0.0224	0.0202	0.0202
0.0506	0.0506	0.0506
0.0535	0.0589	0.0518
0.0357	0.0327	0.0403
0.0455	0.0427	0.0427
0.0777	0.0777	0.0827
0.0322	0.033	0.033
0.0335	0.0416	0.0431
0.0473	0.0503	0.0473
0.0357	0.0464	0.0464
0.0395	0.0401	0.0404
0.0995	0.1061	0.0995
0.0362	0.0374	0.0374
0.0587	0.0587	0.0587
0.0359	0.0387	0.0371
0.0334	0.0424	0.0319
0.0517	0.0547	0.0473
0.0224	0.0313	0.0285
0.0315	0.0368	0.0303
0.0469	0.0424	0.0424
0.0991	0.0913	0.0913
0.0526	0.0504	0.052
0.0623	0.0712	0.0609
0.0217	0.0306	0.0266
0.0374	0.0436	0.0436
0.0514	0.0522	0.0496
0.0263	0.0284	0.0263
0.0414	0.0414	0.0414
0.0372	0.0436	0.0372
0.0447	0.0514	0.0447
0.0491	0.058	0.0505
0.033	0.033	0.031
0.0157	0.0197	0.0157
0.0293	0.0297	0.0257
0.0336	0.0362	0.0329
0.0319	0.0261	0.0283
0.0597	0.0617	0.0665
0.07	0.0823	0.0667
0.0483	0.0469	0.0455
0.062	0.059	0.059
0.0627	0.0784	0.0627
0.0512	0.0532	0.0532
0.0545	0.0545	0.0527
0.0308	0.0355	0.027
0.0291	0.0306	0.0291
0.0411	0.0311	0.045
0.0399	0.0471	0.0428
0.029	0.0375	0.0331
0.0676	0.0649	0.0635
0.0315	0.0344	0.0381
0.034	0.0313	0.0299
0.0585	0.0611	0.0585
0.0237	0.0189	0.0189
0.0337	0.0369	0.034
0.0624	0.0582	0.0582
0.0473	0.0488	0.0479
0.0912	0.111	0.0964
0.0616	0.0602	0.0562
0.0263	0.0278	0.0267
0.0547	0.0529	0.0562
0.0409	0.0415	0.0391
0.0407	0.0323	0.0389
0.0404	0.0415	0.0349
0.0394	0.0431	0.0394
0.042	0.037	0.037
0.0294	0.0311	0.0274
0.0451	0.0483	0.0516
0.0191	0.0124	0.0153
0.0378	0.0402	0.039
0.0409	0.0421	0.0418
0.0474	0.0488	0.0448
0.0464	0.0482	0.0466
0.0369	0.0391	0.0398
0.0269	0.0335	0.0296
0.028	0.0408	0.0259
0.0356	0.0361	0.0361
0.0424	0.0454	0.0444
0.0295	0.0367	0.0295
0.0379	0.039	0.0379
0.0416	0.0433	0.0433
0.0377	0.0403	0.0401
0.0396	0.0444	0.0429
0.0281	0.0234	0.0263
0.0411	0.0423	0.0393
0.0291	0.0277	0.0277
0.052	0.0457	0.0527
0.0381	0.0416	0.0416
0.0435	0.0471	0.0428
0.0436	0.0483	0.0484
0.0439	0.0435	0.0445
0.0681	0.0744	0.0727
0.0538	0.0603	0.0547
0.0417	0.0441	0.0395
0.0373	0.0373	0.0348
0.0426	0.0449	0.0449
0.0565	0.0408	0.0464
0.0215	0.0246	0.0235
0.0206	0.023	0.0195
0.0369	0.0456	0.0365
0.037	0.0343	0.0367
0.033	0.032	0.0348
0.0406	0.0386	0.0348
0.0358	0.0371	0.0399
0.0434	0.0418	0.0424
0.0425	0.0478	0.0469
0.048	0.0506	0.0458
0.0212	0.0276	0.0236
0.0486	0.0486	0.0486
0.0503	0.0533	0.0506
0.038	0.0407	0.038
0.047	0.0622	0.0488
0.0583	0.0734	0.0607
0.0429	0.0405	0.0351
0.0544	0.0428	0.0504
0.0321	0.032	0.032
0.0265	0.0328	0.0278
0.0376	0.0357	0.0393
0.0228	0.0256	0.0274
0.0302	0.0247	0.0264
0.0399	0.0373	0.0344
0.0569	0.0595	0.0582
0.0399	0.0436	0.0404
0.0423	0.0508	0.0418
0.0244	0.0268	0.027
0.0303	0.0296	0.0346
0.0412	0.0412	0.0417
0.0235	0.0323	0.0294
0.0366	0.0377	0.0439
0.0509	0.0576	0.0485
0.0348	0.0374	0.0338
0.0485	0.0442	0.0442
0.0471	0.043	0.0474
0.0279	0.0294	0.0275
0.038	0.0341	0.0338
0.0319	0.0325	0.0287
0.0494	0.0484	0.0489
0.0637	0.0667	0.0632
0.0488	0.0488	0.0466
0.0355	0.0343	0.0366
0.0493	0.0641	0.0493
0.0552	0.054	0.0478
0.0472	0.0472	0.0462
0.0407	0.0487	0.0407
0.0224	0.0324	0.0281
0.0328	0.0323	0.0328
0.03	0.0349	0.0381
0.0341	0.0251	0.0268
0.0509	0.0568	0.0386
0.0523	0.0496	0.0496
0.0371	0.0419	0.0468
0.0367	0.0419	0.0331
0.0613	0.0703	0.0643
0.0251	0.033	0.031
0.0285	0.031	0.0337
0.0387	0.0428	0.0424
0.0488	0.0586	0.0515
0.0738	0.0666	0.0659
0.0481	0.0488	0.0414
0.0457	0.0521	0.0527
0.0474	0.0515	0.0537
0.0356	0.038	0.0314
0.0243	0.0273	0.0253
0.037	0.037	0.0369
0.0233	0.024	0.0221
0.0361	0.0411	0.0346
0.0343	0.038	0.0343
0.0305	0.0326	0.0325
0.0383	0.0393	0.0338
0.0401	0.04	0.0334
0.0259	0.0282	0.0349
0.0483	0.0485	0.0368
0.0274	0.0327	0.0316
0.0337	0.0398	0.0303
0.0327	0.0334	0.0368
0.0395	0.0443	0.0358
0.0403	0.0464	0.0419
0.0346	0.0402	0.0415
0.0362	0.0429	0.0346
0.0381	0.0377	0.0437
0.0522	0.0539	0.0446
0.0234	0.028	0.022
0.0327	0.0387	0.0327
0.0394	0.0398	0.0359
0.0393	0.0448	0.0408
0.0439	0.0494	0.0556
0.047	0.0536	0.0545
0.0253	0.0265	0.0302
0.0321	0.0396	0.0391
0.0427	0.0457	0.0399
0.0305	0.0379	0.0375
0.0463	0.0309	0.0409
0.0449	0.0459	0.047
0.0465	0.0411	0.0416
0.0334	0.0403	0.0408
0.0381	0.0417	0.0425
0.0383	0.0441	0.0355
0.0305	0.0385	0.0304
0.0386	0.0371	0.0355
0.0371	0.0368	0.0342
0.0333	0.0356	0.0336
0.0375	0.0396	0.0347
0.0364	0.0345	0.0294
0.0398	0.0387	0.0366
0.0371	0.0408	0.0374
0.0332	0.0426	0.0377
0.0476	0.0581	0.0498
0.0198	0.0221	0.0179
0.0367	0.0403	0.0367
0.0429	0.0483	0.0468
0.0381	0.0439	0.0394
0.0545	0.0518	0.0547
0.0554	0.054	0.0553
0.04	0.0428	0.0401
0.0422	0.0464	0.0459
0.0389	0.0412	0.0356
0.0307	0.0428	0.0374
0.03	0.0345	0.0314
0.0384	0.0361	0.0345
0.0309	0.027	0.0325
0.0326	0.0326	0.0296
0.0391	0.0438	0.0393
0.0404	0.0395	0.0335
0.0367	0.0412	0.0347
0.0248	0.0302	0.0294
0.0333	0.0404	0.0331
0.0367	0.0372	0.0378
0.0286	0.0308	0.0308
0.0407	0.0503	0.0435
0.0399	0.0394	0.036
0.037	0.0421	0.0319
0.0356	0.0388	0.0316
0.0441	0.0485	0.0422
0.0237	0.0234	0.0275
0.0416	0.0447	0.0413
0.0351	0.0305	0.0324
0.0392	0.0391	0.0352
0.041	0.0438	0.0391
0.0534	0.0505	0.0515
0.0423	0.036	0.0381
0.0457	0.047	0.0363
0.0423	0.0529	0.0468
0.0455	0.0417	0.0392
0.0365	0.0312	0.034
0.0381	0.0325	0.0336
0.0292	0.0307	0.0252
0.0388	0.04	0.0403
0.0244	0.0269	0.0287
0.0414	0.0452	0.0429
0.0422	0.0412	0.0396
0.0315	0.0367	0.032
0.0388	0.0332	0.0382
0.057	0.0614	0.057
0.0267	0.0353	0.0272
0.0364	0.0369	0.0345
0.0347	0.0341	0.0289
0.0411	0.0412	0.0355
0.0536	0.0542	0.0608
0.0439	0.046	0.0377
0.0257	0.028	0.0294
0.0497	0.0503	0.0478
0.0498	0.0487	0.0471
0.0243	0.0317	0.0324
0.0358	0.0349	0.0387
0.025	0.0286	0.0239
0.033	0.0383	0.0329
0.0323	0.0318	0.0335
0.034	0.0333	0.0309
0.0354	0.0341	0.0367
0.0428	0.0404	0.0395
0.0292	0.0349	0.0359
0.0421	0.0453	0.0358
0.0346	0.0341	0.0337
0.0431	0.036	0.0347
0.041	0.0487	0.0465
0.0315	0.0297	0.0326
0.044	0.042	0.0382
0.0417	0.0328	0.033
0.0375	0.0452	0.038
0.0481	0.0487	0.0468
0.0416	0.0451	0.0391
0.0295	0.0305	0.0242
0.0353	0.041	0.0316
0.0357	0.0434	0.0352
0.0361	0.0354	0.0313
0.0477	0.0372	0.0385
0.0551	0.0654	0.0594
0.0356	0.0329	0.0269
0.033	0.0398	0.0339
0.0504	0.0449	0.0416
0.0335	0.0399	0.0334
0.0385	0.0424	0.039
0.0527	0.0469	0.0456
0.0465	0.0502	0.0457
0.033	0.045	0.0315
0.0421	0.0415	0.0462
0.0454	0.0412	0.0361
0.0408	0.0421	0.0369
0.0393	0.0377	0.0354
0.044	0.0456	0.036
0.0323	0.0418	0.0328
0.0322	0.0299	0.0314
0.0415	0.0401	0.0409
0.0455	0.046	0.0375
0.0414	0.0378	0.0416
0.0356	0.0399	0.0396
0.0459	0.045	0.0482
0.0306	0.0297	0.0278
0.0444	0.0439	0.0411
0.0494	0.0496	0.0452
0.0429	0.0453	0.0411
0.0479	0.0416	0.0471
0.0416	0.0435	0.0493
0.0378	0.0353	0.0356
0.0428	0.0485	0.0459
0.0429	0.0454	0.0439
0.0397	0.0371	0.0343
0.0439	0.0482	0.0411
0.0397	0.0321	0.0301
0.0354	0.0368	0.0359
0.033	0.0419	0.0425
0.043	0.0353	0.0353
0.0411	0.0441	0.0356
0.0397	0.0371	0.0413
0.0247	0.0258	0.0187
0.045	0.0453	0.0331
0.0361	0.0413	0.0463
0.0261	0.0247	0.0282
0.0423	0.0441	0.044
0.0326	0.0394	0.0322
0.0396	0.0402	0.0396
0.0327	0.0316	0.0305
0.0472	0.0458	0.0468
0.0229	0.0294	0.0278
0.04	0.0453	0.0422
0.0351	0.0343	0.0307
0.0379	0.0409	0.0416
0.0355	0.0425	0.0368
0.0447	0.0466	0.0409
0.035	0.0391	0.0376
0.0367	0.041	0.0423
0.0385	0.0467	0.0384
0.0638	0.0707	0.0578
0.0344	0.0468	0.0416
0.04	0.0367	0.0423
0.034	0.0384	0.0293
0.0374	0.0382	0.0393
0.0261	0.0248	0.0221
0.0394	0.0449	0.0394
0.0444	0.0449	0.043
0.0451	0.0417	0.0351
0.0361	0.0386	0.0392
0.0411	0.0514	0.0483
0.0335	0.0369	0.035
0.0389	0.0412	0.034
0.0421	0.0377	0.0323
0.0409	0.0305	0.0363
0.049	0.0429	0.0487
0.0503	0.0491	0.0506
0.0315	0.0363	0.0385
0.0457	0.041	0.0409
0.0508	0.0538	0.0481
0.0267	0.0343	0.0313
0.0426	0.0367	0.0347
0.0386	0.0348	0.0325
0.0508	0.0505	0.046
0.0432	0.0323	0.0335
0.0322	0.0439	0.036
0.0409	0.0423	0.0384
0.0431	0.0482	0.0558
0.04	0.039	0.0399
0.0486	0.0431	0.0479
0.0348	0.0381	0.0349
0.0402	0.0375	0.0383
0.0432	0.0416	0.0369
0.0441	0.0392	0.043
0.0548	0.0485	0.0407
0.0392	0.0384	0.0316
0.0432	0.0421	0.0393
0.0407	0.0466	0.0409
0.0503	0.0464	0.0376
0.0385	0.0283	0.029
0.0375	0.0401	0.0394
0.0368	0.0483	0.0335
0.0395	0.0425	0.0416
0.0433	0.0359	0.0364
0.0528	0.0579	0.0513
0.0398	0.0388	0.0359
0.0374	0.0338	0.0332
0.046	0.042	0.0416
0.0374	0.0336	0.0347
0.0382	0.0399	0.0372
0.0488	0.0514	0.0461
0.0492	0.0432	0.0416
0.0381	0.0373	0.0378
0.0379	0.0385	0.0401
0.0431	0.0471	0.0364
0.0481	0.0414	0.0396
0.0391	0.0366	0.0271
0.0402	0.0357	0.0425
0.0349	0.0407	0.0397
0.0373	0.0338	0.0358
0.0461	0.0506	0.0436
0.0465	0.0427	0.0458
0.0386	0.0483	0.0433
0.0446	0.0424	0.0419
0.04	0.044	0.0429
0.021	0.0313	0.0303
0.0501	0.0476	0.0476
0.0393	0.0466	0.0362
0.0453	0.053	0.0447
0.0471	0.0511	0.0451
0.0438	0.0437	0.0387
0.0375	0.0386	0.0397
0.0395	0.0361	0.0397
0.0465	0.0435	0.0389
0.0422	0.0424	0.0435
0.0496	0.0383	0.0392
0.038	0.0296	0.0365
0.0394	0.0363	0.0317
0.0417	0.0455	0.0432
0.0413	0.0458	0.0381
0.0378	0.0415	0.0377
0.0407	0.0412	0.0393
0.0299	0.0279	0.0277
0.0455	0.0414	0.0411
0.0377	0.0391	0.036
0.0308	0.0319	0.032
0.0421	0.0562	0.0452
0.0435	0.0424	0.0437
0.0425	0.0409	0.0394
0.0456	0.0512	0.046
0.0436	0.044	0.0406
0.0271	0.0265	0.025
0.0389	0.0386	0.0375
0.041	0.0403	0.0474
0.0383	0.0484	0.0401
0.0417	0.0386	0.0421
0.0413	0.0524	0.0414
0.0383	0.0357	0.0355
0.0462	0.0451	0.0461
0.0427	0.0428	0.0407
0.0438	0.0549	0.0528
0.0411	0.0405	0.0439
0.0437	0.0419	0.0383
0.0349	0.0391	0.0351
0.0369	0.0446	0.0395
0.0319	0.0402	0.0302
0.0432	0.0423	0.04
0.0416	0.0432	0.0408
0.0381	0.0369	0.0378
0.0418	0.0456	0.042
0.0355	0.0501	0.0365
0.0341	0.0417	0.0345
0.0425	0.0448	0.0385
0.0358	0.0385	0.0433
0.0402	0.0405	0.0408
0.0379	0.0454	0.0449
0.0475	0.0455	0.043
0.0337	0.0403	0.0331
0.0433	0.0427	0.0409
0.0527	0.0569	0.051
0.0383	0.0323	0.032
0.043	0.039	0.0404
0.0375	0.0361	0.0328
0.0457	0.045	0.0463
0.0394	0.0376	0.0354
0.0387	0.0322	0.0369
0.0418	0.0458	0.0466
0.0433	0.0512	0.042
0.0369	0.0416	0.0381
0.0424	0.042	0.0405
0.0308	0.0324	0.0367
0.042	0.0471	0.0412
0.0498	0.0475	0.0438
0.0383	0.0482	0.0424
0.0439	0.0511	0.0453
0.0481	0.0468	0.0434
0.0426	0.039	0.0409
0.0439	0.0472	0.0409
0.0442	0.0405	0.0424
0.0346	0.0366	0.0363
0.0365	0.0381	0.0306
0.0346	0.0433	0.0412
0.0402	0.0417	0.0384
0.0377	0.0436	0.0431
0.0544	0.0554	0.0483
0.043	0.0463	0.0432
0.0377	0.0412	0.0444
0.0446	0.0505	0.0438
0.0345	0.0384	0.0353
0.0448	0.0375	0.0346
0.0504	0.0479	0.0466
0.0471	0.0475	0.0428
0.0392	0.0411	0.0474
0.0369	0.0384	0.0433
0.0436	0.0467	0.0411
0.0372	0.0397	0.0418
0.0377	0.0415	0.0377
0.0418	0.0444	0.042
0.0403	0.0443	0.0376
0.0358	0.0426	0.0387
0.0489	0.0478	0.0446
0.0432	0.0352	0.0366
0.0436	0.0393	0.0461
0.0395	0.0441	0.0484
0.0455	0.0522	0.0401
0.0315	0.0323	0.0303
0.0508	0.0423	0.0454
0.0399	0.0421	0.0448
0.0474	0.0472	0.0323
0.0476	0.0394	0.0409
0.0431	0.0465	0.0394
0.0402	0.0359	0.0394
0.0488	0.0454	0.048
0.0476	0.0459	0.0428
0.0485	0.0466	0.0366
0.0456	0.0432	0.0456
0.0423	0.0351	0.0318
0.0381	0.0388	0.0377
0.0508	0.0444	0.0434
0.0385	0.0423	0.0402
0.0463	0.0495	0.0364
0.0409	0.0467	0.038
0.0438	0.0444	0.0443
0.0423	0.0335	0.034
0.038	0.0375	0.0396
0.0342	0.0379	0.0331
0.0489	0.0496	0.0413
0.0432	0.0473	0.0413
0.0434	0.0442	0.0438
0.0446	0.0506	0.0444
0.0473	0.0501	0.045
0.0296	0.0323	0.0241
0.0432	0.0445	0.043
0.0411	0.0479	0.0401
0.0432	0.0453	0.0466
0.0385	0.0407	0.0386
0.0495	0.0409	0.0456
0.0372	0.0393	0.0372
0.0461	0.0439	0.0431
0.0439	0.0471	0.0449
0.0472	0.0535	0.0463
0.0353	0.0377	0.0329
0.0373	0.045	0.044
0.0343	0.0442	0.0404
0.0401	0.0413	0.0388
0.0404	0.0376	0.0398
0.0418	0.0432	0.0433
0.0346	0.0394	0.0362
0.0411	0.0453	0.0454
0.0434	0.0456	0.0388
0.0351	0.0417	0.034
0.0331	0.0377	0.0365
0.0399	0.0406	0.0393
0.0418	0.0396	0.0416
0.0427	0.0444	0.0369
0.0553	0.0446	0.0446
0.039	0.0515	0.0453
0.0455	0.0465	0.0431
0.0371	0.0412	0.0355
0.0505	0.0441	0.0444
0.0384	0.0308	0.0341
0.0418	0.0424	0.0438
0.0426	0.0389	0.0336
0.0418	0.0431	0.0423
0.0426	0.0439	0.0264
0.0498	0.0463	0.0387
0.0354	0.044	0.046
0.0436	0.0417	0.0407
0.047	0.0364	0.0452
0.0448	0.0426	0.0384
0.0374	0.0367	0.0387
0.0507	0.0526	0.0468
0.0424	0.0392	0.0388
0.0478	0.0494	0.0498
0.0487	0.0367	0.0431
0.0444	0.0473	0.0394
0.0437	0.0414	0.0396
0.0479	0.0391	0.0397
0.0424	0.0474	0.043
0.0477	0.0483	0.0416
0.0412	0.0453	0.0368
0.0475	0.0452	0.0471
0.0438	0.0394	0.0453
0.0486	0.0484	0.0429
0.0437	0.0463	0.0513
0.0496	0.0373	0.0399
0.0436	0.0398	0.0415
0.0445	0.0465	0.0444
0.042	0.0432	0.0384
0.0424	0.0438	0.0447
0.0454	0.0409	0.0508
0.0473	0.0559	0.0497
0.0512	0.0498	0.0467
0.0391	0.0392	0.0355
0.0502	0.0393	0.0435
0.0419	0.0458	0.0428
0.0454	0.0448	0.0444
0.0436	0.0516	0.0441
0.0379	0.0419	0.0387
0.0444	0.0405	0.0424
0.0466	0.044	0.0481
0.0427	0.0381	0.0368
0.0463	0.0507	0.0397
0.0529	0.0497	0.0516
0.0426	0.045	0.0399
0.0407	0.0384	0.0342
0.0444	0.0561	0.046
0.0491	0.0429	0.0392
0.0417	0.0437	0.0433
0.0433	0.0407	0.0413
0.0455	0.041	0.0421
0.0426	0.0496	0.0427
0.0531	0.0504	0.0544
0.0376	0.0442	0.0418
0.0478	0.0502	0.0536
0.0486	0.0463	0.0356
0.0488	0.0529	0.0502
0.0402	0.0395	0.0432
0.0441	0.0475	0.0416
0.0404	0.0462	0.0438
0.0455	0.0554	0.0413
0.0446	0.0443	0.0372
0.049	0.0463	0.0503
0.0345	0.0406	0.0341
0.0426	0.0369	0.0414
0.0426	0.0401	0.0446
0.0494	0.051	0.0473
0.0529	0.0537	0.0464
0.0505	0.046	0.0456
0.0492	0.0494	0.0478
0.0436	0.0529	0.0489
0.038	0.0327	0.0321
0.0472	0.047	0.0386
0.0459	0.0404	0.0376
0.0476	0.0474	0.0454
0.0471	0.0482	0.0476
0.0474	0.0548	0.0524
0.0491	0.043	0.0387
0.0527	0.0418	0.0391
0.0483	0.0407	0.0426
0.0486	0.0583	0.0551
0.0486	0.0486	0.0453
0.0425	0.0423	0.0437
0.0418	0.0468	0.0427
0.0463	0.0429	0.0385
0.0464	0.0408	0.0428
0.0433	0.0502	0.0443
0.0587	0.0553	0.0548
0.0535	0.041	0.0481
0.0414	0.0364	0.0368
0.0434	0.0399	0.0373
0.0487	0.0409	0.04
0.0453	0.0483	0.0472
0.0433	0.0483	0.0436
0.0491	0.0477	0.0354
0.0547	0.0409	0.0414
0.0464	0.0498	0.037
0.0486	0.0484	0.0488
0.0393	0.0385	0.0431
0.0531	0.048	0.0457
0.0345	0.0343	0.0379
0.0469	0.0483	0.04
0.0408	0.0436	0.0425
0.0432	0.0539	0.0406
0.0421	0.0417	0.0421
0.0443	0.0429	0.0409
0.0512	0.051	0.0469
0.053	0.0409	0.0494
0.0539	0.0499	0.0508
0.0599	0.0461	0.0453
0.0548	0.0439	0.0519
0.047	0.0457	0.0454
0.0523	0.0479	0.0461
0.0495	0.054	0.0497
0.0519	0.0535	0.0453
0.0565	0.0503	0.0573
0.0486	0.0546	0.0527
0.0475	0.0494	0.0404
0.0511	0.0503	0.0462
0.0465	0.0448	0.0494
0.0505	0.0557	0.055
0.0526	0.0458	0.0511
0.0505	0.0507	0.0447
0.0509	0.0481	0.0455
0.0456	0.0513	0.0468
0.0529	0.0461	0.0513
0.0623	0.0471	0.0492
0.0463	0.0566	0.0517
0.0559	0.0421	0.0412
0.0562	0.0477	0.0452
0.0564	0.043	0.0417
0.0563	0.0485	0.0468
0.0574	0.054	0.0469
0.0478	0.042	0.043
0.0523	0.0451	0.0455
0.0635	0.0414	0.047
0.0444	0.0473	0.0475
0.0521	0.0517	0.0476
0.0484	0.0443	0.0428
0.0546	0.0421	0.0421
0.0604	0.0503	0.0507
0.0531	0.0476	0.0467
0.0441	0.0428	0.0395
0.0534	0.0572	0.0493
0.0569	0.0487	0.0504
0.0511	0.0509	0.0478
0.0575	0.0578	0.0557
0.052	0.0509	0.0444
0.054	0.0462	0.0494
0.0561	0.0492	0.0499
0.0506	0.047	0.0438
0.0563	0.0473	0.0459
0.0477	0.0541	0.0509
0.0578	0.0483	0.0445
0.06	0.0495	0.0506
0.0512	0.0439	0.0477
0.0534	0.0469	0.0479
0.0493	0.0404	0.0467
0.0525	0.0472	0.0408
0.0516	0.048	0.0489
0.0581	0.054	0.0519
0.0491	0.0539	0.0518
0.0505	0.0505	0.049
0.0523	0.0496	0.0432
0.0488	0.0487	0.0432
0.0527	0.0479	0.0448
0.0534	0.0588	0.0555
0.0524	0.0508	0.0456
0.0598	0.0584	0.0505
0.0543	0.0535	0.0553
0.0537	0.0527	0.0484
0.053	0.0483	0.0425
0.0488	0.0476	0.0459
0.0526	0.0542	0.0512
0.0543	0.0446	0.044
0.0477	0.0486	0.0508
0.0555	0.0545	0.0513
0.051	0.0472	0.042
0.0568	0.0581	0.0536
0.0483	0.0423	0.0364
0.0489	0.0581	0.0553
0.0617	0.0556	0.0611
0.0545	0.0545	0.056
0.0567	0.0559	0.048
0.0543	0.0511	0.0424
0.053	0.0509	0.0472
0.0541	0.0401	0.0411
0.0604	0.049	0.052
0.0556	0.0451	0.0554
0.0537	0.0495	0.0462
0.0477	0.0453	0.0462
0.057	0.046	0.0418
0.056	0.048	0.0523
0.0474	0.0446	0.0425
0.0446	0.0464	0.0477
0.0565	0.0572	0.0554
0.0472	0.047	0.0415
0.0497	0.0504	0.047
0.0463	0.047	0.0477
0.0581	0.0553	0.0524
0.0501	0.0425	0.0394
0.0519	0.0511	0.0427
0.0463	0.0416	0.0427
0.053	0.0528	0.0493
0.053	0.0436	0.0413
0.0483	0.0428	0.0446
0.0581	0.0534	0.0495
0.0527	0.0509	0.0474
0.0563	0.0457	0.0434
0.0571	0.0429	0.0458
0.0503	0.0496	0.0464
0.0485	0.0513	0.0484
0.0546	0.053	0.0445
0.0494	0.0559	0.0487
0.0641	0.0519	0.0564
0.0623	0.0619	0.0586
0.0574	0.0541	0.0544
0.0503	0.0465	0.0444
0.0628	0.0531	0.0539
0.0568	0.048	0.0466
0.053	0.0522	0.0463
0.0613	0.0604	0.0564
0.0473	0.0499	0.0479
0.0545	0.0493	0.0512
0.0517	0.0541	0.0551
0.063	0.0431	0.0423
0.051	0.0459	0.0474
0.0559	0.049	0.0474
0.0544	0.049	0.0491
0.061	0.0467	0.0545
0.0537	0.0455	0.0462
0.0574	0.0538	0.0506
0.0511	0.0595	0.0509
0.0575	0.0529	0.049
0.0595	0.0465	0.0508
0.0541	0.0519	0.0528
0.0527	0.0489	0.0446
0.0579	0.0585	0.0488
0.0503	0.0551	0.0438
0.0553	0.0509	0.0501
0.0484	0.049	0.0477
0.051	0.0476	0.0499
0.0479	0.053	0.04
0.0551	0.0529	0.0519
0.0538	0.0605	0.0529
0.0589	0.0512	0.0477
0.0547	0.0523	0.051
0.0555	0.0466	0.0453
0.0526	0.0513	0.0504
0.0604	0.0552	0.0516
0.0522	0.0626	0.0554
0.0496	0.0455	0.0545
0.0613	0.0613	0.0562
0.0544	0.057	0.0562
0.0587	0.0501	0.0503
0.0665	0.0501	0.0531
0.0439	0.0451	0.0488
0.0467	0.0448	0.0417
0.0506	0.0549	0.0512
0.0488	0.046	0.0512
0.0571	0.055	0.0504
0.0595	0.0557	0.0491
0.0606	0.0526	0.0457
0.0467	0.0486	0.0468
0.0545	0.0462	0.044
0.0517	0.0441	0.0506
0.0555	0.0482	0.0411
0.0556	0.0499	0.0494
0.0568	0.0548	0.0486
0.0604	0.0434	0.0453
0.0584	0.0556	0.0508
0.0548	0.0534	0.0518
0.0537	0.0516	0.0513
0.0606	0.0506	0.0528
0.0554	0.0579	0.0546
0.0616	0.0517	0.0496
0.0564	0.0546	0.0564
0.0521	0.0487	0.046
0.0615	0.0587	0.0474
0.0457	0.0473	0.0533
0.0629	0.0555	0.0563
0.0488	0.0511	0.0426
0.0503	0.0539	0.0446
0.0602	0.0527	0.0505
0.0529	0.0497	0.0459
0.0565	0.0532	0.0567
0.0574	0.044	0.0538
0.0656	0.0644	0.0515
0.0499	0.0558	0.0564
0.0588	0.049	0.0506
0.0519	0.0446	0.0435
0.0553	0.0477	0.0462
0.0532	0.0464	0.0497
0.0463	0.0424	0.0464
0.0599	0.0476	0.0573
0.0581	0.0504	0.0516
0.0567	0.0603	0.0488
0.0662	0.0523	0.0525
0.0579	0.0519	0.0478
0.0543	0.0416	0.045
0.0549	0.0498	0.0537
0.0646	0.0543	0.0573
0.0533	0.0542	0.045
0.0515	0.0565	0.0476
0.0578	0.0457	0.0493
0.0506	0.0438	0.0454
0.0611	0.0537	0.0498
0.0511	0.0547	0.0449
0.055	0.0542	0.0511
0.0639	0.0558	0.0507
0.0581	0.0525	0.0523
0.0501	0.0557	0.0509
0.0491	0.0512	0.0519
0.0558	0.0507	0.0459
0.0595	0.052	0.0565
0.0498	0.0585	0.0528
0.0519	0.0563	0.0527
0.0542	0.0526	0.046
0.0497	0.0478	0.0539
0.0565	0.0519	0.05
0.0612	0.055	0.0524
0.0491	0.0499	0.047
0.058	0.0481	0.0555
0.0535	0.0509	0.051
0.0558	0.05	0.0527
0.0583	0.0498	0.0513
0.0601	0.0503	0.0546
0.0623	0.0588	0.0508
0.0528	0.0498	0.0531
0.0548	0.0592	0.0552
0.0632	0.0611	0.0505
0.0563	0.0541	0.0486
0.0557	0.0595	0.0468
0.0482	0.0566	0.0509
0.0545	0.0569	0.0558
0.063	0.0552	0.0475
0.0556	0.0533	0.0488
0.0584	0.057	0.047
0.0576	0.0472	0.0493
0.0591	0.0531	0.0488
0.0586	0.0505	0.0528
0.0531	0.0515	0.0477
0.0493	0.0507	0.0471
0.0483	0.0492	0.0529
0.0537	0.0504	0.0502
0.0597	0.0606	0.047
0.0585	0.0578	0.0609
0.0568	0.0508	0.0451
0.052	0.0428	0.051
0.0584	0.0506	0.052
0.0474	0.057	0.0539
0.0545	0.054	0.0522
0.0569	0.0534	0.0555
0.0556	0.0468	0.0459
0.0533	0.0515	0.0512
0.0612	0.0584	0.0593
0.0594	0.0454	0.0509
0.0523	0.0433	0.042
0.0588	0.0469	0.0551
0.0545	0.0508	0.0491
0.0569	0.0565	0.0499
0.0579	0.0505	0.0519
0.0607	0.0459	0.0488
0.0503	0.0471	0.0539
0.055	0.0477	0.0465
0.056	0.0495	0.053
0.0568	0.0432	0.0495
0.0617	0.0531	0.0505
0.0538	0.0523	0.0494
0.0616	0.056	0.0455
0.0579	0.0556	0.0605
0.0605	0.0531	0.0503
0.0545	0.0567	0.0535
0.052	0.0538	0.0565
0.0563	0.056	0.0551
0.0531	0.0516	0.0536
0.0721	0.065	0.0555
0.0536	0.0463	0.0434
0.0578	0.0598	0.0583
0.0571	0.0546	0.0434
0.0653	0.0561	0.0543
0.0638	0.0509	0.0488
0.0533	0.0477	0.0483
0.0532	0.0501	0.0495
0.0504	0.0533	0.0509
0.0611	0.0436	0.0467
0.0526	0.0538	0.0516
0.0635	0.0557	0.0604
0.0566	0.0555	0.0523
0.0532	0.0513	0.0588
0.061	0.0568	0.0493
0.0533	0.0526	0.0501
0.0549	0.0509	0.0519
0.054	0.0533	0.0462
0.0543	0.0512	0.0463
0.0586	0.0513	0.0512
0.0588	0.0429	0.0536
0.0635	0.0606	0.0597
0.0564	0.0561	0.0492
0.0585	0.0509	0.0483
0.055	0.0498	0.0437
0.0617	0.0603	0.0636
0.0599	0.0568	0.0527
0.0563	0.0485	0.0495
0.0618	0.0462	0.049
0.0496	0.0483	0.0421
0.066	0.055	0.0597
0.0559	0.0537	0.0467
0.0568	0.0515	0.0481
0.0575	0.056	0.0464
0.0571	0.0513	0.0438
0.0566	0.0521	0.0422
0.0566	0.046	0.0486
0.0541	0.052	0.0578
0.0509	0.0556	0.0543
0.0606	0.063	0.0584
0.0619	0.0515	0.0542
0.057	0.0487	0.0486
0.0533	0.0568	0.0587
0.0638	0.0503	0.0584
0.0633	0.0571	0.0544
0.0604	0.0542	0.0533
0.0541	0.0588	0.0482
0.0546	0.0532	0.0504
0.0605	0.0503	0.0542
0.0647	0.0508	0.045
0.0559	0.0596	0.0469
0.0659	0.0649	0.0514
0.057	0.0485	0.0492
0.0572	0.0571	0.053
0.0612	0.0534	0.0598
0.0616	0.0507	0.0533
0.0542	0.0592	0.0527
0.0516	0.051	0.0472
0.0605	0.0547	0.0504
0.0651	0.0523	0.0595
0.0572	0.0533	0.0421
0.0563	0.0529	0.0466
0.0555	0.0499	0.0499
0.0563	0.0492	0.0522
0.0622	0.0546	0.0494
0.0506	0.0613	0.0489
0.0608	0.0473	0.0541
0.0503	0.0544	0.044
0.0578	0.0484	0.0541
0.0601	0.0544	0.0509
0.0619	0.0501	0.0557
0.0582	0.0555	0.0585
0.0591	0.0551	0.0522
0.0571	0.054	0.0487
0.0555	0.0583	0.0645
0.0644	0.0557	0.058
0.0629	0.057	0.0626
0.0606	0.0614	0.0609
0.0605	0.0558	0.0565
0.0638	0.0596	0.051
0.0597	0.0523	0.0526
0.0659	0.054	0.0526
0.0616	0.0535	0.0514
0.0462	0.0529	0.0531
0.0578	0.0492	0.0489
0.0522	0.0511	0.0497
0.0549	0.0518	0.0451
0.0591	0.0592	0.0593
0.058	0.04	0.05
0.0544	0.0467	0.0575
0.0617	0.0543	0.0472
0.059	0.057	0.0511
0.0516	0.0586	0.0523
0.059	0.0587	0.0531
0.0606	0.0583	0.0603
0.0532	0.0522	0.0465
0.0552	0.0503	0.0503
0.0652	0.0579	0.0612
0.0645	0.0598	0.0579
0.0599	0.0485	0.0463
0.058	0.0564	0.0603
0.0546	0.0443	0.0421
0.0618	0.0539	0.0555
0.0615	0.0539	0.055
0.0633	0.0527	0.0619
0.0571	0.0538	0.0542
0.0598	0.0454	0.0463
0.066	0.0486	0.0573
0.0543	0.0627	0.0548
0.0606	0.0519	0.0511
0.0591	0.0603	0.0535
0.0633	0.063	0.0615
0.0625	0.0603	0.0583
0.0599	0.0546	0.0524
0.065	0.0563	0.0595
0.0553	0.056	0.0459
0.0591	0.0583	0.0572
0.0583	0.0539	0.0498
0.0565	0.0529	0.0533
0.062	0.0563	0.0494
0.0518	0.0497	0.0561
0.0714	0.056	0.0633
0.058	0.055	0.0448
0.0594	0.057	0.0523
0.06	0.0526	0.0507
0.0605	0.0559	0.0624
0.0579	0.0494	0.046
0.0633	0.0596	0.0576
0.0542	0.0545	0.0502
0.0563	0.0465	0.0481
0.063	0.0555	0.0588
0.0638	0.06	0.0524
0.0624	0.0579	0.0547
0.0556	0.0561	0.0546
0.0596	0.0528	0.0581
0.0556	0.0574	0.0497
0.0599	0.0648	0.0496
0.059	0.0564	0.0543
0.0568	0.0529	0.0542
0.0571	0.0504	0.051
0.0578	0.057	0.0515
0.0549	0.0531	0.0504
0.0736	0.0562	0.054
0.0542	0.0499	0.0488
0.0588	0.057	0.0533
0.063	0.0516	0.0551
0.0598	0.0576	0.0532
0.0555	0.0566	0.0459
0.0585	0.06	0.0545
0.0668	0.0448	0.0527
0.0586	0.0549	0.0502
0.0619	0.0533	0.0633
0.0536	0.0577	0.0551
0.055	0.0569	0.0546
0.0587	0.0639	0.0577
0.0556	0.0531	0.0529
0.0583	0.0554	0.0582
0.0505	0.0502	0.0528
0.0608	0.0558	0.0623
0.0611	0.0589	0.0563
0.0584	0.0547	0.0532
0.0612	0.0576	0.0528
0.0561	0.0552	0.0597
0.054	0.0523	0.0575
0.0638	0.0625	0.0625
0.0579	0.0589	0.0492
0.0609	0.05	0.0454
0.05	0.0455	0.0469
0.0554	0.0529	0.0529
0.0638	0.0555	0.05
0.0615	0.061	0.0496
0.0563	0.061	0.053
0.0664	0.057	0.0558
0.0553	0.0558	0.0506
0.0577	0.0584	0.0643
0.0639	0.0589	0.0566
0.0591	0.0595	0.0586
0.0634	0.0526	0.0455
0.063	0.0541	0.0509
0.0652	0.0623	0.0606
0.0641	0.0545	0.056
0.0637	0.0599	0.0571
0.0541	0.0558	0.0594
0.0556	0.0561	0.0515
0.0558	0.0569	0.0498
0.0567	0.0542	0.0565
0.0555	0.0552	0.0559
0.054	0.061	0.0598
0.0543	0.0503	0.0515
0.0546	0.0562	0.0572
0.0568	0.0545	0.0569
0.0488	0.0534	0.0504
0.06	0.0531	0.0491
0.0544	0.058	0.051
0.0581	0.0558	0.0538
0.0728	0.0537	0.0549
0.0587	0.0568	0.0598
0.0654	0.0566	0.0647
0.0592	0.0649	0.0577
0.0606	0.058	0.0542
0.0662	0.0541	0.0496
0.054	0.0496	0.0449
0.0683	0.0606	0.0585
0.0576	0.0533	0.047
0.0689	0.0615	0.0608
0.0581	0.0539	0.0512
0.0591	0.0601	0.0505
0.0547	0.0566	0.0545
0.0588	0.0585	0.047
0.0609	0.0569	0.0596
0.0595	0.0579	0.0495
0.0673	0.0607	0.0593
0.0621	0.055	0.0571
0.0548	0.052	0.0469
0.0624	0.0544	0.0495
0.0553	0.0469	0.0586
0.0589	0.0509	0.0516
0.059	0.0537	0.0564
0.0611	0.0544	0.0543
0.0575	0.0537	0.0552
0.0589	0.0549	0.0597
0.0583	0.059	0.0578
0.0572	0.0509	0.0549
0.053	0.0528	0.0485
0.0558	0.0553	0.0565
0.0627	0.0576	0.0546
0.0576	0.0565	0.0549
0.0615	0.0546	0.0557
0.0563	0.0593	0.0591
0.06	0.0577	0.0489
0.07	0.0629	0.0538
0.0589	0.0588	0.0561
0.0596	0.054	0.0502
0.0582	0.059	0.0538
0.0624	0.0578	0.0601
0.0527	0.0531	0.0535
0.0626	0.0656	0.0632
0.0567	0.0536	0.0569
0.0691	0.0651	0.0581
0.0673	0.0547	0.0557
0.0664	0.0522	0.0547
0.0548	0.0616	0.0497
0.0584	0.0525	0.058
0.0607	0.0483	0.0565
0.0615	0.0542	0.0552
0.0656	0.0483	0.055
0.0608	0.0583	0.0566
0.0602	0.0536	0.0552
0.052	0.0592	0.0648
0.058	0.0533	0.0533
0.0577	0.0575	0.0534
0.0621	0.0537	0.0606
0.0684	0.0516	0.0595
0.061	0.0617	0.0586
0.0572	0.0581	0.0621
0.0635	0.0535	0.0576
0.0656	0.0592	0.0551
0.0656	0.0605	0.0568
0.0607	0.0576	0.0515
0.0678	0.0577	0.0578
0.0642	0.052	0.0492
0.0655	0.0593	0.0535
0.0646	0.0525	0.0442
0.0617	0.0569	0.0618
0.0621	0.054	0.0636
0.0632	0.0508	0.0543
0.0553	0.0569	0.0585
0.0599	0.0616	0.0523
0.0591	0.056	0.0552
0.0618	0.0578	0.0582
0.0676	0.0525	0.0474
0.0651	0.0547	0.0479
0.0543	0.0513	0.057
0.0584	0.0581	0.0522
0.0581	0.0516	0.0477
0.0649	0.0688	0.0559
0.0652	0.0606	0.0544
0.0668	0.0533	0.0599
0.0644	0.0482	0.0535
0.061	0.0646	0.0591
0.0709	0.0696	0.062
0.0595	0.0542	0.0534
0.0642	0.0596	0.052
0.055	0.0536	0.0536
0.0575	0.0595	0.062
0.06	0.0564	0.06
0.0521	0.0582	0.0591
0.0607	0.058	0.0564
0.0597	0.0577	0.0534
0.0595	0.0568	0.0538
0.0526	0.0485	0.0482
0.0554	0.0526	0.0547
0.0669	0.0541	0.0588
0.0615	0.0589	0.055
0.0609	0.0505	0.0511
0.0548	0.0553	0.0569
0.0586	0.051	0.0502
0.0604	0.0627	0.0639
0.0578	0.0601	0.0584
0.0624	0.0518	0.061
0.0639	0.0583	0.0554
0.0617	0.0523	0.0524
0.0624	0.0562	0.0562
0.0606	0.059	0.0446
0.0628	0.0661	0.0596
0.0618	0.0652	0.0619
0.0598	0.0467	0.048
0.0593	0.0562	0.0489
0.0698	0.0615	0.0581
0.0555	0.0605	0.0637
0.0567	0.0513	0.0509
0.0661	0.0599	0.072
0.0568	0.058	0.0592
0.0664	0.0588	0.0569
0.0651	0.0553	0.0492
0.0591	0.0639	0.0567
0.0607	0.0505	0.0554
0.0541	0.0575	0.0513
0.0673	0.0597	0.055
0.0522	0.0592	0.0643
0.0618	0.0661	0.0623
0.0618	0.0674	0.0646
0.0579	0.054	0.0543
0.0623	0.0575	0.0539
0.0637	0.0478	0.0534
0.0679	0.0644	0.0645
0.0677	0.0619	0.0563
0.0599	0.0554	0.0547
0.0595	0.0538	0.0539
0.0591	0.0604	0.0527
0.0653	0.0622	0.0641
0.0635	0.0515	0.0556
0.0589	0.0593	0.0584
0.0703	0.0648	0.0506
0.0629	0.0641	0.0618
0.0679	0.0627	0.0482
0.0671	0.0646	0.0638
0.0599	0.0534	0.0596
0.0665	0.0612	0.0588
0.0558	0.0612	0.055
0.0606	0.0521	0.0535
0.0645	0.0526	0.0568
0.0662	0.0521	0.0588
0.0578	0.0505	0.0512
0.0632	0.0572	0.0582
0.0625	0.0605	0.0518
0.0539	0.0629	0.0528
0.0602	0.0544	0.054
0.0653	0.0594	0.0602
0.0622	0.0529	0.0555
0.0624	0.0566	0.0561
0.0633	0.0551	0.0534
0.0557	0.0549	0.0566
0.0616	0.0576	0.0484
0.0621	0.0597	0.0613
0.0643	0.058	0.0623
0.0638	0.0605	0.0556
0.0584	0.0551	0.0574
0.0642	0.0589	0.0563
0.0675	0.0555	0.0559
0.0569	0.0552	0.048
0.0603	0.0618	0.0564
0.0681	0.0569	0.0591
0.063	0.0616	0.059
0.0593	0.0622	0.0584
0.0637	0.0495	0.0477
0.0593	0.0528	0.0503
0.0594	0.0552	0.0503
0.0696	0.0626	0.0625
0.0649	0.061	0.0632
0.061	0.0522	0.0583
0.0567	0.0596	0.0601
0.0571	0.063	0.0572
0.0592	0.0659	0.0621
0.0543	0.0588	0.0521
0.0598	0.0596	0.0548
0.0614	0.0505	0.0533
0.0606	0.059	0.0533
0.062	0.0547	0.0522
0.0693	0.0544	0.0609
0.0635	0.0575	0.0499
0.061	0.0577	0.0472
0.0645	0.0543	0.0538
0.0545	0.0544	0.0529
0.0586	0.0547	0.0564
0.0511	0.0543	0.0535
0.06	0.0548	0.0513
0.0576	0.0579	0.0543
0.0575	0.0533	0.0546
0.0575	0.0476	0.0519
0.0658	0.0602	0.0661
0.0643	0.061	0.0578
0.0637	0.06	0.0542
0.0605	0.0601	0.0642
0.0591	0.0548	0.0612
0.0608	0.0525	0.0499
0.0556	0.0599	0.0599
0.0671	0.0632	0.0665
0.0594	0.0563	0.0548
0.0619	0.0585	0.0487
0.0631	0.0645	0.0648
0.0586	0.0537	0.0503
0.0568	0.0595	0.0623
0.0556	0.0504	0.0401
0.0638	0.056	0.0535
0.0669	0.0584	0.0471
0.0633	0.0607	0.0498
0.0624	0.0559	0.0582
0.068	0.0686	0.0706
0.0613	0.0682	0.0669
0.0603	0.0606	0.0599
0.0675	0.066	0.0641
0.0585	0.0568	0.0599
0.0617	0.0558	0.0602
0.0537	0.0673	0.0687
0.0678	0.0602	0.0615
0.0587	0.0508	0.0515
0.0542	0.0646	0.0619
0.0643	0.059	0.057
0.057	0.0595	0.057
0.0526	0.0603	0.0587
0.0597	0.0647	0.0638
0.0585	0.0503	0.0498
0.0652	0.053	0.0538
0.0584	0.0498	0.045
0.0654	0.0535	0.061
0.0663	0.0604	0.0528
0.0634	0.0595	0.0551
0.0609	0.0536	0.0517
0.0659	0.0582	0.0574
0.0694	0.0617	0.0611
0.0567	0.0619	0.062
0.0601	0.0569	0.0557
0.0689	0.0619	0.0628
0.0466	0.0559	0.0487
0.0613	0.0547	0.0544
0.0648	0.0675	0.0665
0.0697	0.0642	0.06
0.0686	0.0592	0.0603
0.0631	0.0513	0.0568
0.0622	0.0497	0.0559
0.0632	0.0565	0.0539
0.0667	0.058	0.0591
0.0609	0.0583	0.0519
0.0614	0.0588	0.0568
0.0592	0.0567	0.0569
0.0609	0.0584	0.0581
0.0628	0.0509	0.0544
0.0705	0.0641	0.0591
0.061	0.0628	0.0539
0.0631	0.0556	0.0594
0.0596	0.0582	0.0563
0.0592	0.0546	0.0473
0.0644	0.056	0.0529
0.0598	0.065	0.0632
0.0588	0.0562	0.0597
0.0721	0.0703	0.0614
0.0622	0.0619	0.0521
0.0671	0.0576	0.0616
0.0645	0.0622	0.0581
0.0607	0.0597	0.0599
0.0606	0.0607	0.056
0.0625	0.0572	0.0585
0.0678	0.0531	0.0604
0.072	0.0607	0.0553
0.0635	0.0571	0.0535
0.0629	0.0517	0.0504
0.0587	0.0537	0.0546
0.0616	0.0587	0.054
0.061	0.0519	0.0552
0.0569	0.0617	0.0515
0.0697	0.0606	0.0572
0.0645	0.0611	0.0586
0.0615	0.0539	0.0554
0.0626	0.0549	0.0566
0.0591	0.0584	0.0575
0.065	0.0613	0.0666
0.0719	0.0565	0.0623
0.0522	0.0685	0.055
0.0587	0.0615	0.0628
0.073	0.0508	0.0626
0.0622	0.0643	0.0657
0.0588	0.0622	0.0606
0.0597	0.0627	0.0616
0.0616	0.0626	0.0546
0.0771	0.0582	0.0533
0.0623	0.0544	0.0546
0.0637	0.0626	0.0606
0.0561	0.0588	0.0576
0.0653	0.0588	0.0579
0.0641	0.0619	0.0655
0.0663	0.058	0.0615
0.0651	0.0562	0.0583
0.0503	0.0592	0.0605
0.0593	0.058	0.0633
0.056	0.052	0.0526
0.0595	0.0577	0.0574
0.066	0.0662	0.0609
0.0565	0.0486	0.05
0.0551	0.062	0.0579
0.0646	0.0583	0.0558
0.0567	0.0503	0.0535
0.0674	0.062	0.0559
0.0629	0.0537	0.053
0.0632	0.0591	0.0583
0.058	0.0562	0.0577
0.0587	0.0628	0.0569
0.0638	0.0693	0.0651
0.0528	0.0549	0.0573
0.0671	0.0629	0.0713
0.0605	0.059	0.0531
0.0697	0.0681	0.0623
0.0712	0.0633	0.0594
0.0598	0.0634	0.0601
0.0571	0.0596	0.0549
0.0555	0.0652	0.0656
0.0569	0.051	0.0478
0.0597	0.0525	0.0571
0.0683	0.0592	0.0615
0.0611	0.0584	0.0575
0.0587	0.0559	0.0576
0.0634	0.0625	0.0667
0.0587	0.0541	0.0606
0.0612	0.0531	0.056
0.0554	0.0561	0.0497
0.0633	0.0666	0.0588
0.069	0.059	0.0585
0.063	0.0614	0.0558
0.067	0.0581	0.0581
0.0605	0.0687	0.059
0.0601	0.0545	0.0567